Unnamed: 0	V1	V2	V3	V4	V5	V6	V7	V8	V9	V10	V11	V12	V13	V14	V15	V16	V17	V18	V19	V20	V21	V22	V23	V24	V25	V26	V27	V28	V29	V30	V31	V32	V33	V34	V35	V36	V37	V38	V39	V40	V41	V42	V43	V44	V45	V46	V47	V48	V49	V50	V51	V52	V53	V54	V55	V56	V57	V58	V59	V60	V61	V62	V63	V64	V65	V66	V67	V68	V69	V70	V71	V72	V73	V74	V75	V76	V77	V78	V79	V80	V81	mean
Adipocytes	0.110176666666667	1.0	0.53464	1.0	1.0	0.687203333333333	0.0	0.910033333333333	0.0	0.71244	1.0	0.0	1.0	0.910033333333333	1.0	1.0	0.0	1.0	0.716796666666667	1.0	0.0026033333333332	1.0	1.0	0.734276666666667	0.0589866666666666	1.0	0.13174	0.8425	0.0330933333333333	0.0486733333333333	1.0	0.0	0.426426666666667	0.0006266666666666	0.512326666666667	0.0035066666666666	1.0	1.0	0.65352	1.0	0.0109966666666667	0.0	0.0121599999999999	0.436843333333333	0.632983333333333	0.16045	0.0004566666666666	0.0112533333333333	1.0	0.188906666666667	0.0319966666666667	1.0	0.229666666666667	0.476093333333333	0.373463333333333	0.0315033333333333	1.0	0.2051	0.06354	0.443863333333333	0.332796666666667	0.01354	0.24475	0.0	1.0	0.0801166666666666	0.46158	0.573223333333333	0.08314	0.504753333333333	0.832393333333333	0.0	1.0	1.0	0.108433333333333	1.0	0.0046766666666666	1.0	0.71244	0.0	0.472606666666667	0.49090530864197524
Astrocytes	0.173566666666667	1.0	0.229483333333333	1.0	1.0	1.0	0.0726233333333334	1.0	1.0	1.0	0.2164	0.232053333333333	1.0	1.0	1.0	0.19256	0.22691	0.240413333333333	1.0	0.0169166666666667	1.0	1.0	1.0	1.0	1.0	1.0	0.06771	1.0	0.28948	0.310726666666667	0.0976333333333333	0.0038899999999999	1.0	1.0	1.0	0.186463333333333	1.0	1.0	1.0	1.0	1.0	1.0	1.0	6.66666666671034e-06	0.0416566666666667	0.36303	1.0	0.05337	0.0820166666666666	0.0582266666666666	0.266693333333333	1.0	1.0	1.0	0.06687	0.258473333333333	1.0	1.0	1.0	0.127943333333333	1.0	0.18344	1.0	0.0004466666666667	1.0	0.12736	1.0	0.0672533333333334	1.0	1.0	0.0943533333333333	1.0	0.308363333333333	0.27532	0.0353333333333333	1.0	1.0	0.107096666666667	1.0	1.0	1.0	0.6428899176954733
B-cells	1.0	0.578366666666667	0.01109	0.420076666666667	0.588193333333333	0.0189966666666667	0.0001666666666666	0.0076566666666666	0.0598533333333333	0.0062799999999999	0.0177833333333334	0.0039233333333332	0.297446666666667	0.0680866666666666	1.0	0.0	0.0	0.521183333333333	0.627166666666667	0.00648	0.0532966666666667	1.0	0.104896666666667	1.0	0.09584	0.264873333333333	0.0831333333333333	0.0045333333333332	0.0568366666666666	0.0	0.0	0.0	1.0	1.0	0.0919766666666667	0.0133433333333334	0.0054466666666667	0.1075	0.0	0.0046666666666667	0.0	1.0	1.0	0.146343333333333	0.558886666666667	0.0181533333333334	0.238423333333333	0.0	0.0158233333333333	0.0	0.0454466666666666	0.166676666666667	1.0	0.69604	0.84036	0.152126666666667	0.04312	0.35325	1.0	0.271913333333333	0.0	0.11949	0.0174433333333334	0.594896666666667	0.792833333333333	0.0	0.764123333333333	0.0	1.0	0.700516666666667	0.0	0.0003233333333333	0.0030333333333333	0.0317266666666667	0.0005233333333333	0.235403333333333	0.270033333333333	1.0	0.463856666666667	1.0	0.223203333333333	0.3071983127572017
Basophils	1.0	1.0	1.0	0.25162	0.637333333333333	0.198	0.259666666666667	0.32767	0.363876666666667	0.269913333333333	0.390483333333333	1.0	0.174543333333333	0.498726666666667	0.214413333333333	0.69586	0.46649	0.199766666666667	1.0	0.71351	0.253846666666667	0.206916666666667	0.221686666666667	0.32449	0.681726666666667	0.383416666666667	0.734036666666667	0.3449	0.530416666666667	1.0	1.0	1.0	0.170673333333333	0.251053333333333	0.0642866666666667	0.843866666666667	0.277333333333333	0.735693333333333	0.602726666666667	0.29776	0.197246666666667	0.140266666666667	0.43657	0.652363333333333	0.690186666666667	1.0	0.259296666666667	1.0	0.478906666666667	1.0	0.217466666666667	0.0862733333333333	0.32027	0.660113333333333	1.0	1.0	0.152786666666667	0.133003333333333	0.234543333333333	0.22696	0.152786666666667	0.447926666666667	0.534396666666667	1.0	0.203393333333333	1.0	0.330886666666667	1.0	0.122326666666667	1.0	1.0	0.50131	0.119166666666667	1.0	1.0	0.23818	0.146273333333333	1.0	1.0	1.0	0.178333333333333	0.5363942798353909
CD4+ T-cells	1.0	0.391556666666667	0.101893333333333	0.630623333333333	1.0	0.131573333333333	0.31773	0.23863	0.06689	0.29487	0.179156666666667	0.314996666666667	0.657566666666667	0.267906666666667	0.632043333333333	0.0589533333333333	0.384713333333333	0.229023333333333	0.645593333333333	0.0287933333333333	0.38099	1.0	0.15457	1.0	0.535246666666667	0.64322	0.186643333333333	0.376946666666667	0.0815366666666667	0.296803333333333	0.12225	0.0168233333333333	0.607466666666667	0.535246666666667	1.0	0.105796666666667	1.0	0.0495533333333333	0.309623333333333	0.4086	0.0644566666666667	1.0	1.0	0.418623333333333	0.50898	0.170596666666667	0.34045	0.125143333333333	0.09939	0.411273333333333	0.499463333333333	0.61114	1.0	0.639066666666667	0.59288	0.314346666666667	0.176216666666667	0.55666	0.482176666666667	0.4086	0.0596333333333333	0.53807	0.277976666666667	0.354446666666667	0.21977	0.21244	0.34045	0.27732	0.229023333333333	0.60376	0.0591633333333333	0.245556666666667	0.203943333333333	0.529766666666667	0.273663333333333	0.217896666666667	0.337656666666667	0.49885	1.0	0.658003333333333	0.57528	0.4137773251028808
CD4+ Tcm	1.0	0.0027366666666667	0.0013066666666666	0.0	1.0	0.0328866666666666	0.87084	1.0	0.241186666666667	1.0	1.0	0.209733333333333	1.0	1.0	0.0876400000000001	0.556776666666667	1.0	0.156976666666667	1.0	0.20193	0.0072166666666666	1.0	1.0	0.405963333333333	0.0009333333333333	1.0	1.0	0.463756666666667	1.0	1.0	1.0	1.0	1.0	0.56434	0.209733333333333	1.0	0.0007899999999999	0.16833	1.0	0.04067	0.49429	0.08043	1.0	1.0	1.0	1.0	0.0527466666666667	0.0007166666666666	0.0538366666666666	1.0	1.0	0.241186666666667	0.0	1.0	0.351093333333333	1.0	0.353293333333333	1.0	1.0	1.0	0.2984	1.0	0.0449433333333333	1.0	1.0	0.576076666666667	0.0300266666666666	0.31999	0.0757933333333334	0.0113866666666667	0.0932933333333333	0.32577	1.0	0.0664400000000001	0.0363566666666667	0.0813166666666667	0.0937966666666666	0.13263	0.105986666666667	0.17793	0.697386666666667	0.5434427572016461
CD4+ Tem	0.739156666666667	0.328416666666667	1.0	0.11401	0.43728	0.619336666666667	1.0	1.0	1.0	1.0	1.0	1.0	0.794896666666667	1.0	0.484673333333333	0.6227	1.0	1.0	1.0	0.957223333333333	0.47185	1.0	1.0	0.418606666666667	1.0	1.0	0.76154	0.627513333333333	1.0	0.547006666666667	0.25193	1.0	1.0	1.0	0.567993333333333	1.0	0.127186666666667	1.0	0.681556666666667	0.130893333333333	0.25193	0.274916666666667	0.65027	1.0	1.0	1.0	0.77512	1.0	1.0	0.48741	1.0	0.421246666666667	0.79096	1.0	1.0	0.732816666666667	0.688363333333333	0.72959	1.0	0.452306666666667	0.2733	1.0	1.0	1.0	1.0	1.0	1.0	0.619336666666667	0.792896666666667	1.0	0.72959	1.0	1.0	1.0	0.537416666666667	1.0	0.48554	1.0	0.0965266666666666	1.0	1.0	0.7836210699588477
CD4+ memory T-cells	0.314223333333333	0.51925	0.451826666666667	0.593076666666667	0.84861	0.274023333333333	0.25287	0.0346266666666667	0.20948	0.09513	0.35795	0.06872	0.505316666666667	0.0698566666666667	0.66579	0.128603333333333	0.17905	0.224223333333333	0.44894	0.0783733333333333	0.198296666666667	0.582426666666667	0.0894566666666666	0.859773333333333	0.38291	0.219263333333333	0.169726666666667	0.25869	0.0897566666666667	0.136273333333333	0.0750833333333333	0.10635	0.39652	0.442886666666667	0.544333333333333	0.05697	1.0	0.07459	0.278026666666667	0.476496666666667	0.0749833333333333	1.0	0.874616666666667	0.585496666666667	0.44469	0.0915566666666666	0.113523333333333	0.241203333333333	0.15444	0.10299	0.358553333333333	0.212956666666667	0.47703	0.458313333333333	0.63138	0.100086666666667	0.06665	0.62905	0.361406666666667	0.181803333333333	0.0652666666666667	0.422606666666667	0.114783333333333	0.464806666666667	0.206923333333333	0.0826133333333333	0.15692	0.276083333333333	0.0954566666666666	0.490746666666667	0.06334	0.158416666666667	0.0130066666666667	0.132116666666667	0.242106666666667	0.15202	0.11679	0.180826666666667	0.72888	0.351403333333333	0.223113333333333	0.3044040329218108
CD4+ naive T-cells	1.0	0.607396666666667	0.11725	1.0	1.0	0.57095	0.26222	0.74036	0.442093333333333	0.71909	0.17028	1.0	1.0	1.0	1.0	0.111633333333333	0.418586666666667	0.26222	1.0	0.18403	1.0	1.0	0.122206666666667	1.0	0.25656	1.0	0.501766666666667	0.634243333333333	0.422403333333333	0.35046	0.00953	0.0201066666666667	1.0	1.0	0.706113333333333	0.637613333333333	0.123886666666667	0.382426666666667	1.0	0.69875	0.05146	1.0	1.0	0.265076666666667	0.19703	0.82302	0.87623	0.13588	0.364576666666667	0.583443333333333	0.101603333333333	0.886303333333333	1.0	1.0	0.96433	0.62595	0.88883	0.477823333333333	0.893836666666667	0.64639	0.26971	0.648233333333333	0.7945	0.05833	0.34578	0.100193333333333	0.89647	0.634243333333333	1.0	1.0	0.05927	0.602666666666667	1.0	0.94755	0.0382566666666667	1.0	1.0	0.732433333333333	1.0	0.954296666666667	1.0	0.6337764609053496
CD8+ T-cells	1.0	0.16851	0.0775966666666666	0.14754	1.0	0.179356666666667	0.597193333333333	0.3726	1.0	1.0	1.0	0.431303333333333	1.0	0.540403333333333	0.317473333333333	1.0	1.0	1.0	0.314036666666667	0.175923333333333	0.250176666666667	1.0	0.10981	1.0	0.0583666666666667	1.0	0.479036666666667	1.0	1.0	0.69208	0.19149	0.439243333333333	0.153296666666667	0.214133333333333	0.49111	0.700876666666667	0.18614	0.0237266666666667	0.1566	1.0	0.324503333333333	1.0	1.0	1.0	0.272686666666667	0.18614	0.296546666666667	0.517913333333333	0.18433	0.695076666666667	1.0	0.0775966666666666	0.44229	0.689416666666667	0.53292	0.284543333333333	0.467843333333333	1.0	1.0	0.766036666666667	0.783943333333333	1.0	0.317473333333333	1.0	0.362336666666667	0.484106666666667	0.368623333333333	0.342983333333333	0.121973333333333	0.295446666666667	0.248083333333333	1.0	1.0	1.0	0.273783333333333	0.262133333333333	1.0	0.410516666666667	0.68101	1.0	1.0	0.582200987654321
CD8+ Tcm	1.0	0.0571733333333333	0.836603333333333	0.750213333333333	1.0	0.297513333333333	0.97085	0.16279	0.675316666666667	0.23807	0.32057	1.0	1.0	0.66543	0.77964	0.0834466666666667	0.286773333333333	0.2986	0.151993333333333	0.216796666666667	1.0	0.453943333333333	0.48386	1.0	0.51055	1.0	0.0229666666666667	0.75742	0.50112	1.0	0.0	0.943406666666667	1.0	1.0	1.0	0.07948	0.458406666666667	0.0702733333333333	0.512133333333333	0.84236	0.0692866666666667	1.0	1.0	0.667353333333333	1.0	0.388813333333333	1.0	0.440936666666667	0.469896666666667	0.142516666666667	0.640896666666667	0.41593	1.0	1.0	0.97749	0.80594	0.82522	1.0	1.0	1.0	0.20664	0.66543	1.0	1.0	0.651096666666667	0.913603333333333	1.0	0.15916	0.499483333333333	1.0	0.200996666666667	0.28388	0.52881	1.0	1.0	1.0	0.491436666666667	1.0	1.0	1.0	1.0	0.6650927983539096
CD8+ Tem	1.0	0.426216666666667	1.0	0.540836666666667	1.0	1.0	1.0	1.0	0.918876666666667	1.0	1.0	1.0	1.0	1.0	1.0	1.0	1.0	1.0	0.974593333333333	0.89416	1.0	1.0	1.0	1.0	1.0	1.0	1.0	1.0	1.0	1.0	1.0	1.0	0.908876666666667	1.0	1.0	1.0	0.302996666666667	0.77712	1.0	1.0	0.852063333333333	1.0	1.0	1.0	0.918876666666667	1.0	1.0	1.0	0.851003333333333	1.0	0.78142	0.73377	1.0	1.0	1.0	1.0	1.0	1.0	1.0	1.0	1.0	1.0	1.0	1.0	1.0	1.0	1.0	0.907603333333333	1.0	1.0	0.868946666666667	1.0	1.0	1.0	1.0	1.0	1.0	1.0	0.774023333333333	1.0	1.0	0.9559430041152265
CD8+ naive T-cells	0.0	0.0	0.0	0.0	0.0	0.0	0.0	0.0	0.0	0.0044833333333332	1.0	0.0	0.0	0.0	0.0	0.31898	0.299513333333333	0.51029	0.0	0.0	0.0	0.0	0.0	0.0	0.0	0.0	0.0098599999999999	0.0	1.0	0.0	0.25579	0.0	0.0	0.0	0.0	1.0	0.0	0.0	0.0	0.0	0.0	0.0	0.0	0.171006666666667	0.0	0.0	0.0	0.0	0.0	0.0	0.01592	0.0	0.0	0.0	0.00075	0.0	0.0	0.0028166666666666	0.0	0.0	0.0017633333333333	0.0072266666666667	0.0	0.0	0.0	0.0	0.0	0.0	0.0	0.0	0.0001299999999999	0.0255466666666667	0.0	0.00075	0.0	0.0	0.0	0.0	0.0	0.0	0.0	0.0570966255144033
CLP	0.0	0.0	0.0556966666666666	0.0	0.0	0.0	0.0	0.0	0.0742699999999999	0.0	1.0	0.0	0.0	0.0	0.0	0.493276666666667	0.0	0.51671	0.0	0.0	0.0	0.0	0.0	0.0	0.0	0.0	0.0	0.0	0.156626666666667	0.0	0.0	0.0475233333333334	0.0	0.0	0.0	0.0003766666666666	0.0	0.0	0.0	0.0013266666666667	0.0	0.0	0.0	0.154266666666667	0.0	0.01411	0.0	0.164103333333333	0.132233333333333	0.0	0.0	0.0	0.0	0.0	8.66666666666793e-05	0.0	0.0	0.0	0.0	0.0	0.0	0.0138033333333333	0.0	0.00041	0.0644933333333333	0.0	0.0	0.0	0.0	0.0	0.0	3.33333333335517e-06	0.0	0.0	0.0	0.0	1.66666666666648e-05	0.01001	0.0	0.0	0.114243333333333	0.03720477366255144
CMP	1.0	1.0	0.169223333333333	1.0	1.0	0.52025	0.0873833333333334	1.0	0.12552	0.0237766666666667	1.0	1.0	0.311713333333333	0.301226666666667	1.0	1.0	0.140476666666667	0.1584	1.0	1.0	0.928686666666667	1.0	1.0	1.0	1.0	0.730056666666667	0.10609	1.0	0.131366666666667	1.0	1.0	0.109006666666667	1.0	0.596116666666667	1.0	0.168766666666667	1.0	0.17327	1.0	0.22995	0.0501066666666666	1.0	1.0	1.0	0.776003333333333	0.232536666666667	0.0857966666666666	0.20434	0.47741	1.0	0.09716	0.0880066666666667	1.0	1.0	1.0	0.889636666666667	0.166876666666667	0.16976	0.124343333333333	1.0	0.150076666666667	0.09088	1.0	0.668493333333333	0.41526	1.0	1.0	1.0	0.224146666666667	1.0	1.0	0.211993333333333	1.0	1.0	0.642826666666667	0.658956666666667	0.133296666666667	1.0	0.527276666666667	1.0	0.07798	0.6441289300411521
Chondrocytes	0.0	0.0	0.0	0.0041333333333333	0.0	0.0500533333333333	0.0	0.0	0.0	0.00363	0.0	0.0	0.0	0.132803333333333	0.0276933333333333	0.0	0.0	0.0	0.0	0.0	0.0	0.15932	0.0	0.0	0.0	0.0	0.0	0.0	0.0124133333333334	0.0	0.0	0.0	0.0106933333333333	0.0	0.126266666666667	0.0	0.0	0.0	0.0	0.0035466666666667	0.0	0.0	0.0641166666666667	0.0	0.0	0.0	0.0	0.0	0.0	0.0	0.0	1.0	0.0	0.0	0.0050233333333333	0.0	1.0	0.0	0.0	0.0	1.0	0.0	0.0	0.0	0.01305	0.0	0.0	0.0	0.44208	0.0	0.0	0.0969733333333334	0.0	0.0	0.0	1.0	0.172363333333333	0.0	0.0	0.0	0.0012333333333333	0.06574559670781893
Class-switched memory B-cells	0.0	0.0	0.0	0.0	0.0	0.0	0.0	0.0	0.00751	0.0	0.0	0.328183333333333	1.0	0.0138833333333334	0.0	0.0	0.0	0.0080299999999999	0.0	0.0	0.0	0.20581	0.0091133333333333	1.0	0.109556666666667	0.0	0.0	0.0	0.0	0.0	0.0	0.0	0.0	0.0	0.0	0.0	0.05832	0.12758	0.0	0.0	0.0	0.364096666666667	0.0031999999999999	0.01966	0.40633	0.0	1.0	0.0	0.0	0.0	0.0008066666666666	0.0	0.3901	0.0018799999999999	0.0	0.0	0.0	0.16296	0.0	0.02418	0.0	0.0444966666666666	0.0	1.0	0.00036	0.0	0.0	0.0	1.0	0.0	0.0	0.0	0.113916666666667	0.0162533333333333	0.0	0.0	0.0	0.0	0.880973333333333	0.0010266666666666	0.0	0.1024472427983539
DC	0.0	0.0	0.0	0.0005066666666666	0.0	0.0204033333333333	0.0	0.0	0.0447866666666666	0.0715433333333333	0.0	0.0	0.15922	0.08838	1.0	0.0	0.0	0.0	0.280346666666667	0.0	0.57751	0.0904466666666667	0.0013333333333333	0.00702	0.0040999999999999	0.0	0.0	0.03403	0.0	0.0	0.0	0.0	0.17388	0.14576	0.0697	0.0	0.0	0.0	0.39392	0.138553333333333	0.0	0.0	0.0	0.156053333333333	0.0	0.0	0.61647	0.0	0.0972166666666666	0.0	0.0	0.128803333333333	0.01168	0.162373333333333	2.000000000002e-05	0.0554066666666667	0.0101833333333333	1.0	0.0371433333333333	0.0	0.0	0.0057	0.0216466666666667	0.0	0.0035699999999999	0.0	0.0335233333333333	0.0	1.0	0.0324766666666667	0.0	9.99999999995449e-06	0.0	0.0	0.0	0.331263333333333	0.709646666666667	0.0	0.0	0.241643333333333	0.280346666666667	0.10168662551440324
Endothelial cells	0.0	0.0	0.0	0.0	0.0	0.0	0.0	1.0	0.0	0.629983333333333	0.0	0.0	0.0	1.0	0.01719	0.0	0.0	0.0	0.0203533333333333	0.0	0.0	0.0	0.0	0.0	1.0	0.0	0.0	0.0	0.0	0.0	0.0	0.0	0.0	0.30206	1.0	0.0	0.0	0.0	0.0	0.0010099999999999	0.0	0.0	0.0	0.0	0.0	0.0	0.0	0.0	0.0	0.0044699999999999	0.0	0.0	0.0	0.0	0.0	0.0	0.0	0.0	0.0	0.0	0.577783333333333	0.0	0.0	0.0	0.0	0.0	1.0	1.0	0.0	0.0	0.0	0.261073333333333	0.0067133333333333	0.0	0.0	0.0	0.0	0.0	0.0	0.0	0.0	0.09655106995884771
Eosinophils	0.0348466666666667	0.0	0.00016	0.06374	0.0041233333333333	0.66656	0.606753333333333	0.357496666666667	0.28498	1.0	0.02676	1.0	1.0	0.20691	1.0	0.04521	0.50335	0.140556666666667	0.0622166666666667	0.110766666666667	0.677843333333333	0.81243	0.127516666666667	0.306436666666667	0.0722	0.12815	0.0	0.282026666666667	0.04636	0.04795	0.162693333333333	0.102843333333333	0.37156	0.0203266666666667	1.0	0.13933	0.0153733333333333	0.0	1.0	0.400433333333333	0.43198	0.33323	0.08541	0.0382	0.00312	0.01291	0.0189266666666666	0.04108	0.0292533333333334	0.17733	0.13005	1.0	0.0528433333333334	0.119683333333333	0.0213	0.0071999999999999	0.908283333333333	1.0	0.23864	0.0783366666666667	1.0	0.113133333333333	0.125486666666667	0.0120166666666667	0.134946666666667	0.24634	0.15508	0.01869	0.29931	0.0	0.08766	0.28054	1.0	0.0090833333333333	0.0	0.217226666666667	1.0	0.0	0.0085899999999999	0.0669733333333333	0.398346666666667	0.2806062139917695
Epithelial cells	0.0	0.0	0.66587	0.0	0.0	0.0	0.0	0.0	0.163096666666667	0.0	0.936963333333333	0.238523333333333	0.0	0.0	0.0	0.0	0.0	0.0	0.0	0.0	0.0	0.0	0.0	0.0	0.0	0.0	0.0	0.0	0.0	0.00051	0.0	1.0	0.0	0.0	0.0	0.0	0.0	0.22172	0.0	0.0	0.536176666666667	0.0	0.0	0.0	0.0	0.0	0.0	0.0	0.0	0.0	0.279316666666667	0.0	0.0	0.0	0.0	0.0	0.0	0.0	0.0	0.0	0.0	0.0	0.0	1.0	0.0	0.0	0.0	0.0	0.0	0.0	0.0	0.0	1.0	0.0	0.0	0.0	0.0	0.0	0.0	0.0	0.0	0.07459477366255145
Erythrocytes	1.0	1.0	1.0	1.0	1.0	1.0	1.0	1.0	0.210573333333333	1.0	1.0	1.0	0.02821	0.01999	0.0	1.0	0.0252533333333333	0.166923333333333	0.0478933333333333	1.0	1.0	0.0317566666666667	1.0	1.0	0.00587	0.113973333333333	1.0	1.0	1.0	1.0	0.350953333333333	1.0	1.0	1.0	0.0928233333333334	1.0	1.0	0.131993333333333	0.0813633333333333	1.0	1.0	1.0	1.0	1.0	1.0	0.24819	1.0	1.0	1.0	1.0	1.0	1.0	1.0	0.0801500000000001	0.0849633333333333	0.276356666666667	0.24819	1.0	1.0	0.0184533333333333	1.0	1.0	0.61504	1.0	1.0	1.0	1.0	1.0	0.0084333333333332	1.0	1.0	0.0102366666666667	0.304023333333333	1.0	1.0	1.0	1.0	1.0	1.0	1.0	1.0	0.7432297942386832
Fibroblasts	0.0065199999999999	0.0	0.0	1.0	1.0	0.0	0.0	1.0	0.0	0.0034733333333333	0.0	0.0	1.0	0.0359	1.0	0.0	0.0	0.0054233333333333	0.0102933333333334	0.0003199999999999	0.0	0.155476666666667	0.310523333333333	0.0025333333333333	0.0	1.0	0.0	0.18694	1.0	0.0	0.17579	0.0	1.0	0.0	1.0	0.0	0.256153333333333	1.0	0.0029766666666666	0.0092333333333333	0.0	0.0022633333333332	0.0033866666666666	0.0	0.0	0.0	0.04598	0.0	0.0	0.0897533333333334	0.0	0.823396666666667	0.0105866666666666	0.0540833333333334	0.0	0.0	1.0	0.0	1.0	0.0006133333333333	0.0743933333333333	0.0	0.658086666666667	0.0	1.0	0.0	1.0	0.0130533333333334	1.0	0.35645	0.0	0.366053333333333	0.0	0.0	0.0	0.333716666666667	0.0375966666666666	0.0	0.0	0.05132	0.0255233333333333	0.23589893004115225
GMP	1.0	0.932693333333333	0.476826666666667	1.0	1.0	1.0	0.526603333333333	1.0	1.0	0.182116666666667	1.0	1.0	0.63132	1.0	1.0	1.0	0.762873333333333	1.0	1.0	0.948116666666667	1.0	1.0	1.0	1.0	1.0	1.0	0.43883	1.0	0.58363	0.840786666666667	1.0	0.341473333333333	1.0	1.0	1.0	0.455453333333333	1.0	0.854593333333333	1.0	1.0	0.393563333333333	1.0	1.0	1.0	0.422203333333333	0.41817	0.48024	0.809716666666667	0.854593333333333	1.0	0.295493333333333	1.0	1.0	1.0	1.0	0.942546666666667	1.0	1.0	0.593903333333333	1.0	1.0	0.83693	1.0	0.69469	1.0	0.707066666666667	1.0	1.0	1.0	1.0	0.854593333333333	1.0	0.51157	1.0	1.0	0.909986666666667	1.0	1.0	1.0	1.0	0.461293333333333	0.8661960082304527
HSC	0.0034666666666666	0.00329	0.0	0.135643333333333	0.0	0.159746666666667	0.0004699999999999	0.02255	0.04152	0.303356666666667	0.0030633333333333	0.0037099999999999	2.33333333333752e-05	0.193043333333333	1.0	0.0	0.157843333333333	0.0	0.126176666666667	0.195876666666667	0.0474633333333333	0.0991433333333334	0.0	0.0	0.20529	0.07157	0.0022766666666667	0.0264266666666667	0.338093333333333	0.0	0.0	0.0	0.14189	0.06713	0.369093333333333	0.00109	0.0036133333333333	0.207513333333333	0.0	0.14027	0.0156866666666666	0.0	1.0	0.0	0.0	0.0220233333333333	0.0287566666666667	0.0	0.0722666666666667	0.0032233333333333	0.0	0.0381033333333334	0.0317333333333333	0.38448	0.15674	0.0	0.44063	0.01701	0.0	0.0427999999999999	0.95604	0.07243	0.0058	0.0	0.149636666666667	0.0	0.296883333333333	0.0526433333333334	0.181383333333333	0.01091	0.0	1.0	0.0	0.0	0.00729	1.0	0.163066666666667	0.0	0.0	0.0	0.215783333333333	0.12883905349794236
Hepatocytes	0.0	1.0	0.520896666666667	0.0	0.0975966666666667	0.0	0.07556	0.0	0.0	0.0	1.0	0.0	0.90973	0.0	1.0	0.457093333333333	0.0	1.0	0.0	0.0	0.0	0.0	0.07373	0.0	0.0	0.0	0.247936666666667	0.0328966666666667	0.520896666666667	1.0	0.993703333333333	0.0283633333333333	0.283263333333333	1.0	0.0	0.0647066666666667	0.0	1.0	0.0	0.0	0.0	0.0	0.0252166666666667	0.0021099999999999	1.0	1.0	1.0	0.61222	1.0	0.0	0.05383	0.0366300000000001	0.0034266666666666	0.0	1.0	0.333703333333333	0.0	5.9999999999949e-05	1.0	0.0	0.0	0.0718566666666667	1.0	1.0	1.0	0.0871233333333333	0.0	0.0	1.0	0.14112	0.486273333333333	0.0	0.0	1.0	1.0	1.0	0.0	1.0	0.0	0.0	0.170806666666667	0.3374166666666667
Keratinocytes	0.03224	0.0	0.0	0.0	0.0	0.0	0.0	0.0	0.183626666666667	0.0	0.0	0.0106666666666667	0.0	0.0	0.0	0.0	0.0	0.0	0.0	0.0	0.0035033333333333	0.0058399999999999	0.0	0.0	0.0	0.0	0.0	0.0	0.0	1.0	1.0	1.0	0.0	0.0085433333333333	0.0	0.0	0.0	0.0921366666666666	0.0630933333333333	0.0	1.0	0.0	0.0	0.0	0.0	0.0	0.0	0.0	0.0	0.0	0.0972933333333333	0.0	0.0	0.0	0.0	0.0	0.0	0.0	0.0	0.0	0.0344	0.0	0.0	0.262813333333333	0.0	0.0	0.0	0.0	0.0	0.0	0.0	0.0	1.0	0.0	0.0	0.0	0.0	0.06418	0.0	0.0	0.0	0.07232514403292181
MEP	0.0766533333333334	0.13718	1.0	0.0	0.0	0.109203333333333	1.0	0.00648	0.266043333333333	0.186286666666667	1.0	0.18998	0.0	0.0831566666666667	0.0	1.0	0.82155	1.0	0.04155	0.222446666666667	0.0322766666666666	0.0162666666666667	0.0	0.0	0.0501066666666666	0.01505	0.123716666666667	0.0412466666666667	1.0	0.114126666666667	0.581886666666667	1.0	0.0	0.03416	0.0	1.0	0.0269533333333334	0.474556666666667	0.0	0.0133799999999999	0.240876666666667	0.0	0.0149633333333333	1.0	0.224716666666667	0.83659	0.12915	1.0	1.0	0.0640066666666667	1.0	0.0	0.0035033333333333	0.0843	0.227756666666667	0.18379	0.0551033333333333	0.06712	0.179216666666667	0.0925833333333334	0.136313333333333	1.0	0.0	1.0	0.00399	0.0010099999999999	0.0	1.0	0.196656666666667	0.0086933333333333	0.28238	0.21117	0.0	0.316346666666667	1.0	0.0456033333333333	0.0495133333333333	0.15602	0.0	0.267106666666667	0.292116666666667	0.29672658436214
MPP	1.0	0.658803333333333	0.92331	0.528706666666667	0.740643333333333	0.774363333333333	0.654153333333333	0.901536666666667	0.99364	0.74393	1.0	1.0	1.0	1.0	0.96396	0.853616666666667	0.496313333333333	1.0	0.99022	0.681456666666667	1.0	0.817973333333333	1.0	1.0	0.793883333333333	1.0	0.901536666666667	0.868513333333333	0.99022	0.184713333333333	0.0401133333333333	0.611693333333333	0.91763	1.0	0.384056666666667	0.78436	0.0890366666666667	0.59034	0.547896666666667	0.82642	0.0596	0.55368	0.427043333333333	1.0	0.906436666666667	0.836263333333333	1.0	1.0	1.0	0.655686666666667	0.786156666666667	0.482153333333333	1.0	1.0	1.0	0.920863333333333	0.847023333333333	1.0	1.0	0.851913333333333	0.210066666666667	1.0	0.905623333333333	1.0	1.0	0.435983333333333	0.766956666666667	0.39966	1.0	1.0	0.570033333333333	1.0	0.704996666666667	1.0	0.17534	1.0	1.0	1.0	0.630316666666667	1.0	1.0	0.7948004526748972
MSC	0.135676666666667	0.0	0.439143333333333	0.0	0.0	0.0146766666666667	0.21078	0.151786666666667	0.08042	0.0846366666666667	0.0738666666666666	0.84704	0.0	0.0012633333333332	0.0	0.477663333333333	0.02054	0.448786666666667	0.0	0.95603	0.0	0.0	0.15603	0.0	0.0	0.02668	0.557936666666667	0.0	0.64294	0.0023233333333333	0.0649866666666666	1.0	0.0	0.0068433333333333	0.0	1.0	0.0	0.0412466666666667	0.0	0.0	0.0	0.0	0.0	0.812926666666667	0.06985	0.235483333333333	0.136533333333333	1.0	1.0	0.113226666666667	0.149486666666667	0.0	0.0	0.0	0.03181	0.00429	0.0	0.0	0.0	0.0100766666666666	0.0	0.08893	0.1612	1.0	0.0	0.0352866666666667	0.0	0.49267	0.0	0.03708	0.422336666666667	0.0	0.131363333333333	0.239233333333333	0.0054133333333333	0.0325666666666666	0.0	0.106263333333333	0.0	0.0	0.0	0.16984349794238682
Macrophages	0.10969	0.0146166666666666	0.558246666666667	0.237536666666667	0.0004533333333333	0.14434	0.0132166666666667	1.0	0.24453	0.31718	0.69692	0.0243233333333334	0.0003199999999999	0.896436666666667	0.602016666666667	0.469103333333333	0.125576666666667	1.0	0.430883333333333	0.03852	0.06613	0.172536666666667	1.0	0.0002299999999999	0.688303333333333	1.0	1.0	0.19416	1.0	0.885993333333333	0.0412766666666666	0.301583333333333	0.347566666666667	1.0	0.0107033333333333	1.0	0.139173333333333	0.0003166666666666	0.0300666666666667	0.1316	0.0508133333333334	0.384853333333333	0.0222266666666666	1.0	0.0721433333333333	0.639653333333333	1.0	1.0	1.0	0.0555366666666667	0.135886666666667	0.0016566666666666	0.03779	0.691103333333333	1.0	0.31718	0.0424366666666667	0.202403333333333	0.573316666666667	0.0276233333333333	0.453936666666667	1.0	1.0	0.753886666666667	1.0	0.639653333333333	0.741223333333333	0.0010566666666667	0.32047	1.0	0.29535	0.02266	0.0401066666666666	0.404386666666667	0.0322033333333334	0.1316	0.0894433333333333	1.0	0.0	0.36958	0.0496966666666666	0.41399292181069963
Macrophages M1	1.0	0.941776666666667	0.08448	1.0	0.660113333333333	0.290453333333333	1.0	1.0	0.530953333333333	1.0	0.294526666666667	0.10611	0.0	1.0	1.0	0.0301833333333333	0.0464833333333333	1.0	1.0	0.0429166666666667	0.666783333333333	0.76126	1.0	0.0658333333333333	1.0	1.0	1.0	0.26666	1.0	1.0	0.259223333333333	0.125223333333333	1.0	1.0	0.0259	1.0	0.213006666666667	0.0159666666666667	0.634543333333333	1.0	0.03959	0.92485	0.13931	0.596296666666667	0.0947633333333333	1.0	1.0	1.0	1.0	0.35057	0.319693333333333	0.459216666666667	1.0	1.0	1.0	1.0	0.144636666666667	1.0	1.0	0.388606666666667	1.0	0.255476666666667	1.0	0.608876666666667	1.0	0.900866666666667	1.0	0.0234066666666667	1.0	1.0	0.0429166666666667	1.0	0.0223566666666667	0.48615	0.443376666666667	1.0	0.825506666666667	1.0	0.0	1.0	1.0	0.6559118930041153
Macrophages M2	0.0957366666666667	0.0	0.683986666666667	0.0	0.0	0.151936666666667	0.0013466666666667	0.2532	0.0274799999999999	0.0355	0.161916666666667	0.0	0.0027366666666667	0.38989	0.27682	0.707013333333333	0.511206666666667	1.0	0.0371966666666667	0.0	0.01961	0.0147066666666666	0.194916666666667	0.0	1.0	0.0068666666666666	1.0	0.0529466666666667	0.0064333333333332	0.476126666666667	0.0078833333333333	0.305183333333333	0.0361766666666666	0.06745	0.0	0.43189	0.0	0.0	0.0008533333333333	0.00343	0.01811	0.0	0.0	0.548456666666667	0.0567800000000001	0.02589	0.0679333333333333	0.62292	0.07902	0.0	0.0	0.0	0.0	0.374306666666667	0.0750766666666667	0.140536666666667	0.0051833333333333	0.0008933333333333	0.10301	0.00536	0.22923	0.806643333333333	0.597823333333333	0.25858	0.0	1.0	0.0348166666666667	0.0	0.0159433333333333	0.893346666666667	1.0	0.0	0.0001666666666666	0.0201	0.0	0.0	0.0054633333333333	0.254553333333333	0.0	0.02134	0.0	0.1879249794238683
Mast cells	0.92027	0.0530866666666666	0.0462933333333333	1.0	0.70236	0.0360566666666666	0.0	0.0098599999999999	0.0258233333333333	0.0	0.03383	0.224693333333333	0.0010266666666666	0.0030766666666666	0.0720233333333333	0.0569066666666667	0.0002666666666666	0.0001566666666666	0.65738	0.0389666666666667	0.05893	0.302863333333333	2.000000000002e-05	1.0	0.755303333333333	6.33333333333042e-05	0.0	0.0681966666666667	0.0	0.0763566666666666	0.281526666666667	0.238166666666667	0.03528	0.0027033333333332	0.0793	0.0	1.0	6.33333333333042e-05	0.181533333333333	0.0184933333333334	0.0	1.0	1.0	0.139303333333333	0.0042366666666666	0.0063533333333333	0.0	0.00383	0.0	0.112556666666667	0.0	0.0	0.0720233333333333	0.08747	0.0404666666666667	0.09709	0.0	0.0	0.0	0.1102	0.0	0.0014033333333333	0.0	0.02878	0.0	0.0108166666666667	0.0088	1.0	0.0002666666666666	0.01051	0.0396833333333333	0.0	0.0007899999999999	0.680076666666667	0.0504033333333334	0.0006433333333333	0.00046	1.0	0.9585	0.0807333333333333	0.0	0.17933670781893007
Megakaryocytes	0.0	0.0	0.0	0.78114	0.186696666666667	0.388723333333333	0.2516	0.77721	0.6667	0.51677	1.33333333333097e-05	0.0	0.0959533333333333	0.716253333333333	0.64034	1.66666666666648e-05	0.0605433333333333	0.19617	1.0	0.0681866666666666	0.0001966666666666	0.0746266666666666	0.0231533333333334	0.04478	1.0	0.0079233333333332	0.32649	0.0609266666666667	0.0737666666666666	0.0	0.13552	0.0	0.0636266666666667	0.237736666666667	0.472596666666667	0.0534766666666666	0.51502	0.18481	0.04854	0.107313333333333	0.0011133333333333	0.0499766666666667	0.20823	0.0229966666666667	0.0014833333333332	0.00919	0.240063333333333	0.0515233333333334	0.0328666666666667	0.402623333333333	0.0	0.0278766666666667	0.0262133333333333	0.10909	0.22541	0.0039266666666666	0.01162	0.0010566666666667	0.0057166666666667	0.340913333333333	0.00024	0.0212233333333334	0.85359	0.0	0.0209333333333334	0.25518	0.373833333333333	0.465996666666667	0.02639	0.01509	0.0012299999999999	0.46946	1.0	7.00000000000145e-05	0.0091066666666667	0.07417	0.0330833333333334	0.0041166666666666	0.238933333333333	0.0	0.00949	0.1903808230452675
Melanocytes	0.0	0.0	0.0	0.0	0.0	0.0	0.0	0.0	0.0	0.0025133333333333	0.0	0.02239	0.0	0.0076733333333333	0.0	0.0	0.0267433333333333	0.0	0.0	0.0191033333333334	0.0	0.0	0.0	0.0	0.0	0.0	0.0	0.0	0.0	0.0	0.0	0.05805	0.0	0.0	0.525413333333333	0.0	0.0	0.0	0.0009733333333333	0.0	0.0037166666666667	0.0	0.0	0.0	0.0469033333333333	0.0	0.0	0.0	0.0	0.0	0.0	0.0	0.0	0.0	0.0	0.0	0.0118166666666667	0.0	0.0	0.0	0.0	0.0	0.0	0.0	0.0	0.0	0.0	0.0	0.0	0.0	0.0	0.0	1.0	0.0	0.0	0.0	0.0016833333333333	0.0	0.0	0.0	0.0	0.021320740740740734
Memory B-cells	1.0	1.0	1.0	1.0	1.0	1.0	1.0	1.0	1.0	1.0	1.0	0.556026666666667	1.0	1.0	1.0	0.379563333333333	0.232706666666667	1.0	1.0	1.0	1.0	1.0	1.0	1.0	1.0	1.0	1.0	0.60736	1.0	0.0	0.0	0.0143933333333334	1.0	1.0	1.0	1.0	0.0	1.0	0.00341	0.332843333333333	0.0	0.206233333333333	1.0	1.0	1.0	1.0	1.0	0.0828733333333334	1.0	0.0507366666666667	1.0	1.0	1.0	1.0	1.0	1.0	1.0	1.0	1.0	1.0	0.0035433333333333	1.0	1.0	1.0	1.0	0.00636	1.0	0.0457566666666667	1.0	1.0	0.0259266666666667	1.0	0.287753333333333	1.0	1.0	1.0	1.0	1.0	1.0	1.0	1.0	0.8004381069958848
Mesangial cells	0.0	0.0	0.0	0.0	0.180513333333333	0.31768	0.0	0.12075	0.0161066666666667	1.0	0.0	0.37523	0.09152	1.0	1.0	0.0	0.0	0.0	0.0	0.0	1.0	1.0	1.0	0.0	0.0	0.0	0.0	0.07262	0.0292266666666666	0.0	0.0	0.0	0.0	0.0	1.0	0.0	0.0	0.752973333333333	0.505063333333333	0.768163333333333	0.11573	0.0057533333333333	0.0	0.0	0.0	6.66666666671034e-06	0.0379266666666667	0.0	0.0	0.0	0.0	1.0	0.0390166666666667	0.0048899999999999	0.0	0.15061	1.0	1.0	0.0	0.0	1.0	0.0	0.0028833333333333	0.0	0.37523	0.0	0.02589	0.0	1.0	0.0182099999999999	0.0	0.04995	1.0	0.0	0.0	1.0	1.0	0.0	0.0	0.0001733333333333	0.586823333333333	0.24250543209876538
Monocytes	1.0	1.0	1.0	1.0	1.0	1.0	1.0	1.0	1.0	1.0	0.210506666666667	1.0	0.262546666666667	1.0	1.0	0.632153333333333	0.105453333333333	1.0	1.0	1.0	0.563613333333333	1.0	1.0	0.599576666666667	1.0	1.0	1.0	1.0	0.242006666666667	1.0	1.0	1.0	1.0	1.0	1.0	1.0	0.795233333333333	1.0	0.247616666666667	1.0	0.201066666666667	1.0	1.0	1.0	0.481443333333333	1.0	1.0	1.0	1.0	0.588136666666667	0.173393333333333	1.0	1.0	1.0	1.0	1.0	1.0	1.0	1.0	1.0	1.0	1.0	1.0	0.563613333333333	1.0	1.0	1.0	1.0	1.0	1.0	0.377506666666667	1.0	0.180783333333333	1.0	0.24515	1.0	0.33909	1.0	0.12603	1.0	0.70226	0.8473725925925925
Myocytes	0.0627033333333333	1.0	0.0	1.0	1.0	0.0	0.08056	0.203673333333333	0.106543333333333	0.0056699999999999	1.0	0.0	1.0	0.144283333333333	0.601306666666667	1.0	0.45868	1.0	1.0	1.0	0.0	1.0	0.912543333333333	1.0	0.735556666666667	0.0678933333333334	0.398603333333333	1.0	0.495916666666667	0.0	1.0	0.0	1.0	0.0	1.0	0.72269	1.0	1.0	0.0	1.0	0.0	0.0483566666666667	1.0	0.313516666666667	1.0	0.0	0.14181	1.0	0.0847166666666667	1.0	0.0	1.0	1.0	1.0	0.0	0.672466666666667	0.0762766666666667	1.0	0.636066666666667	1.0	0.0	0.09066	0.0653333333333334	1.0	0.160256666666667	1.0	0.346476666666667	1.0	0.0694	1.0	1.0	0.101436666666667	1.0	1.0	0.23295	0.101436666666667	1.0	0.136966666666667	1.0	1.0	0.172326666666667	0.5610750205761317
NK cells	1.0	1.0	1.0	1.0	1.0	1.0	0.64384	0.349043333333333	0.91391	0.2663	1.0	1.0	1.0	0.430686666666667	1.0	1.0	0.486183333333333	0.93017	0.5892	1.0	1.0	1.0	0.60352	1.0	1.0	0.606156666666667	0.76294	1.0	0.597073333333333	1.0	0.703706666666667	1.0	0.699246666666667	1.0	1.0	0.39556	1.0	0.53981	0.987326666666667	1.0	1.0	1.0	1.0	1.0	1.0	0.744786666666667	0.489366666666667	1.0	0.736383333333333	0.836306666666667	0.264263333333333	0.691426666666667	1.0	1.0	1.0	0.794243333333333	0.55891	1.0	1.0	1.0	0.78007	1.0	0.667823333333333	1.0	0.830253333333333	1.0	0.844136666666667	0.786976666666667	0.488306666666667	1.0	1.0	1.0	0.23344	1.0	1.0	1.0	0.924443333333333	1.0	1.0	1.0	1.0	0.8540223456790121
NKT	0.0	0.0041366666666666	0.09161	0.0030166666666666	0.0001033333333333	0.17006	0.107606666666667	0.99498	0.180636666666667	1.0	0.0634466666666667	0.294823333333333	0.0561233333333333	0.782096666666667	0.07337	0.02267	0.183466666666667	0.07337	0.0082233333333333	0.0158333333333334	0.113686666666667	0.0309966666666667	0.38613	0.00326	0.01888	0.115123333333333	0.179956666666667	0.0952266666666667	0.4232	0.0034833333333332	0.0	0.0779300000000001	0.119606666666667	0.15746	0.0381633333333333	1.0	0.0	0.109626666666667	0.0914166666666667	0.126503333333333	0.115483333333333	0.0	0.0	0.0554	0.0003733333333333	0.311923333333333	0.101436666666667	0.0495833333333333	0.12485	0.135866666666667	0.179093333333333	0.141766666666667	0.0800933333333333	0.0168733333333333	0.0158333333333334	0.31071	1.0	0.159046666666667	0.229413333333333	0.0290633333333333	0.27892	0.06745	0.0788733333333334	0.0419633333333334	0.248386666666667	0.123426666666667	0.137016666666667	0.03063	0.294823333333333	0.01831	0.04538	0.301956666666667	0.36355	0.03127	0.01176	0.135703333333333	0.246593333333333	0.02297	0.0	0.0796966666666666	0.06198	0.15918139917695479
Neurons	0.0	0.0	0.0	0.10774	0.0	0.394096666666667	9.99999999995449e-06	0.0	0.0	0.00017	0.0	0.0008833333333333	0.89316	0.0934933333333333	0.0266166666666666	0.0607233333333334	0.0018366666666667	0.0	0.0089533333333333	0.803253333333333	0.691286666666667	0.0	0.0	0.0	0.0720366666666666	0.0012866666666666	0.0	0.444013333333333	1.0	0.0	0.0011633333333332	0.0	0.0	0.0	0.0059633333333333	0.0	0.246646666666667	0.0146333333333334	0.0493400000000001	0.36561	0.257583333333333	0.0	0.0238866666666666	0.0	0.0	0.0	0.81065	0.00058	0.111336666666667	0.0	0.0	1.0	0.0	0.52713	0.0018366666666667	0.0	0.438636666666667	0.0115433333333333	0.0173933333333334	0.204653333333333	1.0	0.0808166666666666	0.26886	0.0	0.0	0.00827	0.0051033333333333	0.0184033333333333	0.41657	0.0	0.0095766666666666	0.433073333333333	0.0	0.0008833333333333	0.0	0.886516666666667	0.766603333333333	0.0	0.0	0.0	0.252203333333333	0.15845711934156373
Neutrophils	1.0	1.0	1.0	1.0	1.0	0.342373333333333	1.0	0.213083333333333	0.562306666666667	0.11446	0.0050033333333333	0.0487266666666667	0.101683333333333	0.27285	0.446056666666667	0.0866366666666667	0.0188033333333333	0.00182	1.0	0.304176666666667	0.221766666666667	0.902183333333333	0.50587	1.0	1.0	0.574473333333333	0.494656666666667	0.76536	0.0	1.0	1.0	0.521763333333333	0.41005	0.6708	0.26301	0.0058599999999999	0.789316666666667	0.562306666666667	1.0	0.286523333333333	0.25489	0.0644866666666667	0.604553333333333	0.01168	0.0223033333333333	0.830166666666667	1.0	0.14664	0.221766666666667	0.18752	0.226396666666667	0.256526666666667	0.141816666666667	0.94487	0.789316666666667	1.0	0.0374633333333333	0.127253333333333	2.000000000002e-05	1.0	0.0158366666666667	0.271213333333333	0.659776666666667	0.09093	0.03044	0.533516666666667	1.0	1.0	0.248463333333333	1.0	0.160216666666667	0.83974	1.0	0.403823333333333	0.823476666666667	0.20854	0.344293333333333	1.0	0.684533333333333	0.0285266666666667	0.0323233333333334	0.4905585185185184
Osteoblast	1.0	1.0	1.0	0.0	0.0	0.0834766666666666	0.1149	0.39487	0.0261133333333333	0.0	1.0	0.893646666666667	0.0	0.0	0.0	1.0	0.0335233333333333	1.0	0.0	1.0	0.176596666666667	0.0	0.0	1.0	0.193133333333333	0.0	0.0	0.0	1.0	0.354376666666667	1.0	1.0	0.0	0.0680033333333333	0.0	1.0	0.211893333333333	0.01024	0.0	0.0	0.22667	0.678883333333333	0.0	1.0	1.0	1.0	0.0278066666666666	1.0	1.0	0.0	0.0100966666666666	0.0	1.0	1.0	0.335286666666667	1.0	0.0	0.0	0.0	0.0327766666666667	0.0	0.761056666666667	0.0	1.0	1.0	1.0	0.0	1.0	0.0	0.49916	1.0	0.19946	0.0	1.0	1.0	0.05562	0.0	1.0	0.00588	1.0	0.0	0.4246107407407407
Pericytes	0.0	0.0	0.0	0.0056233333333333	0.0	0.0007433333333333	0.0	1.0	0.0	0.03798	0.0	0.0	0.0	0.32076	0.0	0.0	0.0	0.0	0.0	0.0	0.0180466666666667	0.0	0.0	0.0	0.254623333333333	0.0051966666666666	0.0	0.0	0.0	0.0	0.0	0.0	0.0861733333333333	0.0067966666666666	0.0	0.147526666666667	0.0	0.0	0.0	0.0	0.0	0.0	0.0	0.0	0.0	0.0	0.0	0.0	0.0	0.393596666666667	0.0	0.0	0.0	0.0351933333333333	0.0	0.0	0.203986666666667	0.0	0.0	0.0	0.0619333333333333	0.0	0.0194733333333333	0.0	0.0062533333333333	0.0	0.52881	0.0	0.0	0.0	0.0	1.0	0.0049733333333333	0.0	0.0	0.29518	0.0608933333333334	0.0	0.0	0.0	0.0	0.0554785596707819
Plasma cells	0.0	0.125596666666667	1.0	0.0	0.00112	0.0	0.166676666666667	0.16354	0.0	0.0	0.0	0.0	0.0	0.0	0.0	0.0	0.0	1.0	0.0007933333333333	0.0	0.0	0.0	0.0001766666666667	0.0	0.0	0.0193466666666666	1.0	0.0	0.0	1.0	1.0	0.12984	0.0	0.118813333333333	0.0071799999999999	0.0	0.76321	0.0056733333333333	0.0	0.0	0.730316666666667	0.02091	0.0	1.0	1.0	0.0578666666666666	0.0	0.0514133333333333	0.0514133333333333	0.0316333333333333	0.24698	0.0	0.0	0.0	0.05974	0.00112	0.0	0.0	0.0	1.0	0.0	0.0	0.104413333333333	1.0	0.0	1.0	0.0	0.0001499999999999	0.0	0.201486666666667	1.0	0.0	0.0	0.0522933333333333	1.0	0.0	0.0	1.0	0.0	0.0087699999999999	0.0	0.19901818930041149
Platelets	0.976553333333333	0.80479	0.167696666666667	1.0	1.0	0.164043333333333	0.155553333333333	0.761176666666667	0.223273333333333	0.16153	0.26455	0.117816666666667	0.811783333333333	0.45107	0.673376666666667	0.54529	0.246846666666667	1.0	1.0	0.50954	0.184633333333333	0.494786666666667	0.20693	1.0	0.369743333333333	0.460386666666667	0.964093333333333	0.17964	0.240563333333333	0.240563333333333	1.0	0.130773333333333	0.247876666666667	0.487533333333333	1.0	0.223273333333333	1.0	0.487533333333333	0.261016666666667	0.506993333333333	0.136003333333333	1.0	1.0	0.895576666666667	1.0	0.185396666666667	0.562876666666667	0.565356666666667	0.353276666666667	0.25206	0.17631	0.205996666666667	1.0	0.557806666666667	1.0	0.205576666666667	0.0798	0.198506666666667	0.583536666666667	1.0	0.0512066666666666	0.265826666666667	0.532453333333333	1.0	0.349246666666667	0.562876666666667	0.310606666666667	0.872316666666667	0.330406666666667	0.761176666666667	0.287886666666667	0.10036	0.86337	0.856773333333333	0.258773333333333	0.185396666666667	0.10233	0.716176666666667	1.0	1.0	0.23613	0.5225015226337448
Preadipocytes	0.0988433333333333	1.0	0.810376666666667	1.0	1.0	1.0	0.41474	0.361596666666667	0.0002066666666666	0.0676066666666667	0.0	0.06142	1.0	0.131473333333333	0.95188	0.0346166666666666	0.65845	0.0870300000000001	1.0	0.22459	1.0	1.0	0.0976900000000001	1.0	1.0	0.845916666666667	0.0312033333333334	0.164413333333333	0.0009066666666666	1.0	1.0	0.0346166666666666	1.0	0.10424	1.0	0.0	1.0	1.0	1.0	1.0	0.699386666666667	1.0	1.0	0.0092466666666666	1.0	0.0022166666666666	0.178873333333333	0.0540866666666666	0.0481266666666667	0.207376666666667	0.0726599999999999	0.361596666666667	0.796543333333333	0.48233	0.01715	0.17559	1.0	0.08379	0.368446666666667	1.0	0.0908099999999999	0.0067266666666666	0.25905	0.03024	0.562986666666667	1.0	1.0	0.730293333333333	0.324143333333333	0.603236666666667	0.97241	0.154783333333333	1.0	1.0	1.0	0.0045433333333333	0.0896766666666666	0.98421	1.0	1.0	0.0009733333333333	0.5376953086419753
Sebocytes	0.0554133333333333	0.0411866666666667	1.0	0.0003266666666666	0.19955	2.99999999999745e-05	0.0	0.192753333333333	0.13251	0.0	0.108536666666667	0.0013199999999999	0.0	3.33333333335517e-06	0.0	0.0074633333333333	0.0	0.0056033333333332	0.0	0.0	0.0	0.2852	0.32201	0.0	0.0	1.0	0.0	0.0	0.0	0.0266366666666666	0.306383333333333	0.0773066666666666	0.0	0.0028533333333333	0.114413333333333	0.0015933333333333	0.0	0.23399	0.0	0.0	0.00087	0.0	0.0	0.0	2.66666666666193e-05	0.0006633333333333	0.16504	0.0	0.0002233333333333	0.0	0.0	0.306383333333333	0.306383333333333	0.0	0.0	0.0125933333333333	0.0	0.0679666666666666	0.0679666666666666	2.66666666666193e-05	0.0	0.0636133333333333	0.114413333333333	0.108536666666667	1.0	0.0013199999999999	0.0518066666666667	0.0142133333333333	0.0	0.0518066666666667	0.0015933333333333	0.0	0.331236666666667	0.0	0.18573	0.0444766666666667	0.0	1.0	0.0	1.0	0.0266366666666666	0.11158777777777779
Skeletal muscle	1.0	1.0	0.0	1.0	1.0	0.0	1.0	0.947516666666667	0.0126733333333333	0.0090733333333333	0.98251	0.0	0.86071	0.325086666666667	0.0634066666666666	1.0	0.69575	1.0	1.0	1.0	0.0	0.98251	0.998443333333333	1.0	0.03086	0.958416666666667	1.0	1.0	1.0	0.0	1.0	0.0	1.0	0.0	0.41288	0.489693333333333	1.0	1.0	0.0	1.0	0.0495433333333334	1.0	1.0	0.49855	1.0	0.0	0.98653	1.0	1.0	1.0	0.0	1.0	0.755966666666667	1.0	0.14335	0.14819	0.287666666666667	0.596676666666667	0.813503333333333	0.41288	0.0002799999999999	0.33289	0.788923333333333	0.623816666666667	1.0	0.99601	0.438006666666667	1.0	1.0	0.796983333333333	1.0	0.0478866666666666	0.3483	1.0	0.788923333333333	0.01895	0.113086666666667	0.86071	1.0	0.00455	1.0	0.637304979423868
Smooth muscle	1.0	1.0	1.0	1.0	1.0	1.0	1.0	0.149833333333333	1.0	0.254003333333333	1.0	1.0	1.0	1.0	1.0	1.0	1.0	1.0	1.0	1.0	1.0	1.0	1.0	1.0	1.0	1.0	1.0	1.0	1.0	1.0	1.0	1.0	1.0	1.0	1.0	1.0	1.0	1.0	1.0	1.0	1.0	1.0	1.0	1.0	1.0	1.0	1.0	1.0	1.0	1.0	1.0	1.0	1.0	1.0	1.0	0.52901	1.0	1.0	1.0	1.0	1.0	1.0	1.0	1.0	1.0	1.0	1.0	1.0	1.0	1.0	1.0	0.68875	0.5147	1.0	1.0	1.0	1.0	1.0	1.0	1.0	1.0	0.9646456378600823
Tgd cells	0.98806	0.939083333333333	0.86286	0.872796666666667	0.49832	0.354573333333333	1.0	0.29455	0.98806	0.26587	0.716816666666667	1.0	0.136483333333333	0.33589	0.0503966666666666	0.401086666666667	0.18861	0.576603333333333	0.482676666666667	0.293173333333333	0.910053333333333	0.476163333333333	0.60241	1.0	0.91866	0.217983333333333	0.3756	0.402063333333333	0.163986666666667	0.346876666666667	0.132353333333333	0.6244	0.321296666666667	0.575446666666667	0.11482	0.35264	1.0	0.05989	0.297273333333333	0.408856666666667	0.422006666666667	1.0	0.550963333333333	1.0	1.0	0.178623333333333	0.232966666666667	0.83305	0.44587	0.330566666666667	1.0	0.216723333333333	0.37025	0.837356666666667	0.470806666666667	0.256253333333333	0.163443333333333	0.519226666666667	0.356303333333333	0.44992	0.356303333333333	0.62302	0.328926666666667	1.0	0.20164	0.61016	0.574273333333333	0.443863333333333	0.152746666666667	0.88733	0.420173333333333	0.165696666666667	0.0505766666666667	0.395436666666667	1.0	0.10809	0.638696666666667	1.0	1.0	0.894473333333333	0.571773333333333	0.5259776954732509
Th1 cells	0.290673333333333	0.0594633333333333	0.827623333333333	0.0	0.0	0.0230266666666666	0.215966666666667	0.0066133333333333	0.05009	0.214293333333333	1.0	0.58424	0.0011766666666667	0.06865	0.0	0.914336666666667	0.137576666666667	0.414246666666667	0.0082366666666666	0.09255	0.03416	0.0	0.02389	0.0	0.0041566666666667	4.66666666666393e-05	0.416043333333333	0.0247133333333334	0.59639	0.317743333333333	0.26504	0.906823333333333	0.0	0.0404766666666667	0.0	0.8481	0.0	0.35791	0.0168066666666666	0.01768	0.0396533333333333	0.0	0.0	0.494443333333333	0.241583333333333	0.46788	0.456603333333333	0.722196666666667	1.0	0.0530866666666666	0.384043333333333	0.0	0.0133966666666666	0.0198266666666667	0.06806	0.562683333333333	0.0071366666666666	0.0125433333333334	0.0381333333333334	3.33333333335517e-06	0.0232533333333333	0.0708466666666666	0.00183	1.0	0.0020666666666666	0.11345	0.0	0.0778866666666667	0.217973333333333	0.01768	0.531393333333333	0.0083966666666667	0.0044666666666666	0.301676666666667	0.52012	0.0269033333333333	0.0023733333333333	0.165293333333333	0.0	0.390566666666667	0.134743333333333	0.20951773662551437
Th2 cells	0.68843	0.880903333333333	0.76861	1.0	1.0	1.0	0.872676666666667	0.671043333333333	0.692476666666667	0.671043333333333	1.0	1.0	0.990693333333333	0.797486666666667	1.0	1.0	1.0	0.679833333333333	0.516203333333333	1.0	1.0	0.83894	1.0	1.0	1.0	0.648783333333333	0.414196666666667	1.0	0.70689	0.31576	0.35099	1.0	1.0	0.524306666666667	1.0	0.557226666666667	1.0	0.545253333333333	1.0	0.930363333333333	1.0	1.0	1.0	1.0	0.708233333333333	0.305986666666667	0.483386666666667	0.934546666666667	0.62193	1.0	1.0	1.0	1.0	1.0	0.76861	0.365516666666667	1.0	1.0	0.94287	0.929026666666667	1.0	0.955736666666667	1.0	0.751606666666667	1.0	0.83755	0.656173333333333	1.0	0.26563	1.0	1.0	1.0	0.35205	1.0	0.944263333333333	0.846966666666667	1.0	1.0	1.0	0.895043333333333	0.700146666666667	0.8435479423868314
Tregs	0.01612	0.0614766666666666	0.0	1.0	1.0	0.0337333333333333	0.01392	0.0464033333333334	0.0	0.0273099999999999	0.0	0.0	0.514886666666667	0.0097033333333332	0.79938	0.0	0.03217	0.0	0.441456666666667	0.0	0.11656	0.46898	0.01906	1.0	0.169073333333333	0.123903333333333	0.0129933333333333	0.2137	0.0	0.0063699999999999	0.0477866666666666	0.0	1.0	0.0570766666666667	0.653626666666667	0.0	1.0	0.0	0.0521733333333333	0.23113	0.01564	1.0	0.600313333333333	0.00226	0.01949	0.0	0.0185166666666666	0.0	0.0	0.124893333333333	0.0	0.760076666666667	1.0	0.122703333333333	0.03744	0.01034	0.0594766666666666	0.0851833333333334	0.14831	0.0744333333333334	0.0	0.0111	0.0537166666666666	0.0016266666666666	0.0684266666666666	0.0730433333333333	0.148993333333333	0.0060933333333332	0.0441733333333333	0.276366666666667	0.0011333333333333	0.0201233333333334	0.0343566666666667	0.0	0.0167	0.03217	0.04671	0.0	1.0	0.0250566666666666	0.01886	0.18674962962962963
aDC	0.772693333333333	0.0	0.0	0.0	0.0049	0.0	0.0	0.0	0.0	0.711326666666667	0.0	0.0076866666666666	0.0	0.03054	1.0	0.0	0.0	0.0036133333333333	0.05758	0.0	0.10201	0.0104466666666667	0.0	0.0	0.0	0.933306666666667	0.0	0.0	0.01057	0.0	0.0	0.0	0.479703333333333	1.0	0.0	0.241423333333333	0.0	0.0	0.0042733333333333	0.0283333333333333	0.0	0.0	0.0	0.0140066666666666	0.0	0.0032733333333333	0.0308933333333333	0.0	0.0	0.0	0.0	0.0	1.0	0.0195	0.0109433333333333	0.04852	0.00187	1.0	0.02699	0.0	1.33333333333097e-05	0.0014899999999999	0.496036666666667	0.0	1.0	0.0	1.0	0.0	0.59858	0.398476666666667	0.0	0.267133333333333	0.0	0.0	0.0	0.3027	0.223913333333333	0.702516666666667	0.0	0.865566666666667	0.32328	0.16955691358024694
cDC	0.0648666666666666	0.0	0.0	0.0447066666666667	1.0	1.0	0.0	0.0053199999999999	0.0174966666666667	0.0045833333333333	0.0	0.0033499999999999	0.05823	0.244483333333333	1.0	0.0	0.0	0.0	0.204553333333333	0.0	0.0383233333333334	0.278583333333333	0.0936166666666667	0.0068766666666666	0.0207233333333333	0.0316666666666666	0.0	0.0343633333333333	0.0	0.0	0.0	0.0	0.0599033333333333	0.51403	0.0426533333333333	0.0	0.0	0.0527133333333333	1.0	1.0	0.0005399999999999	0.0	0.00727	0.0312133333333333	0.0	0.0	0.403753333333333	0.0	0.02402	0.0	0.0	0.35036	1.0	9.99999999995449e-06	0.0	0.0731266666666667	4.000000000004e-05	0.370113333333333	0.0	0.0026199999999999	0.02697	0.0	0.696563333333333	7.33333333333697e-05	0.115153333333333	0.0	1.0	0.0479466666666667	1.0	0.218786666666667	0.0	0.07599	0.0001633333333332	0.0	0.0004433333333333	1.0	0.0614366666666667	0.0030266666666666	0.01688	0.157626666666667	0.0004966666666667	0.16673662551440332
iDC	0.0	0.421363333333333	0.0	0.480233333333333	0.0	0.84518	0.492403333333333	0.433106666666667	0.68615	0.0083499999999999	0.0616333333333333	0.0	0.889023333333333	0.823496666666667	1.0	0.0234066666666667	0.0625933333333333	0.0	0.987443333333333	0.835643333333333	1.0	0.23608	0.753236666666667	0.71118	1.0	0.0	0.317893333333333	1.0	0.0265366666666667	0.0	0.0664166666666667	0.0801633333333334	0.173946666666667	0.0080333333333333	1.0	0.0	0.0705666666666667	1.0	1.0	1.0	0.0390866666666667	0.0	0.41675	0.444676666666667	0.0	0.0	1.0	0.57018	1.0	0.257186666666667	0.0	0.456646666666667	0.0	0.94382	0.49748	0.451726666666667	0.708603333333333	0.928563333333333	0.383166666666667	0.516706666666667	0.444676666666667	0.309393333333333	0.0	0.0010866666666666	0.0	0.0001266666666667	0.0001033333333333	0.612006666666667	1.0	0.0057666666666667	0.00209	0.0051266666666666	0.587376666666667	0.14684	0.0153799999999999	0.76548	0.579953333333333	0.0	0.24724	0.01026	0.504713333333333	0.38699127572016445
ly Endothelial cells	0.0	0.0	0.0	0.0	0.0	0.0	0.0578233333333333	1.0	0.0	1.0	0.0	0.0	0.0	0.233976666666667	0.0	0.0	0.0610066666666667	0.0	0.0	0.0	0.0	0.0	0.0	0.0	0.0588666666666666	0.0	0.0	0.0	0.0	0.0	0.0	0.0	0.0	0.179266666666667	0.0	0.0	0.0	0.0390533333333334	0.0	0.0889266666666667	0.0	0.0	0.0	0.0	0.0	0.0011766666666667	0.0	0.0	0.0	0.0	0.0	0.0	0.0	0.0	0.0	0.0	0.0	0.0	0.0	0.0	0.180803333333333	0.0	0.0072866666666666	0.0	0.0	0.0	1.0	0.212143333333333	0.0	0.0	0.0	0.823896666666667	0.03571	0.0	0.0	0.0	0.0	0.0	0.0	0.0	0.0	0.061480699588477364
mv Endothelial cells	0.0	0.0	0.0	0.0	0.0	0.0	0.0884566666666666	0.552713333333333	0.0	1.0	0.0	0.0	0.0	0.0054499999999999	0.0	0.0	0.0	0.0	0.0	0.0	0.0	0.0	0.0	0.0	0.0	0.0	0.0	0.0	0.0	0.0	0.0	0.0	0.0	0.0	0.0	0.0	0.0	0.0	0.0	0.0	0.0	0.0	0.0	0.0	0.0	0.0	0.0	0.0	0.0	0.0	0.0	0.0	0.0	0.0	0.0	0.0	0.0	0.0	0.0	0.0	0.0042633333333332	0.0	0.0	0.0	0.0	0.0	0.0	0.0	0.0	0.0	0.0	0.05942	0.0	0.0	0.0	0.0	0.0	0.0	0.0	0.0	0.0	0.021114855967078183
naive B-cells	1.0	1.0	1.0	1.0	1.0	1.0	0.04741	0.0223233333333334	1.0	0.16755	1.0	0.0549166666666666	1.0	1.0	1.0	1.0	0.0189133333333333	1.0	1.0	1.0	1.0	1.0	1.0	1.0	1.0	1.0	1.0	1.0	1.0	0.0003199999999999	0.0	0.0140666666666667	1.0	1.0	1.0	0.412946666666667	1.0	1.0	1.0	1.0	9.99999999995449e-06	1.0	1.0	1.0	1.0	1.0	1.0	0.03263	1.0	0.0696	1.0	1.0	1.0	1.0	1.0	1.0	1.0	1.0	1.0	1.0	0.0056733333333333	1.0	1.0	1.0	1.0	0.02749	1.0	0.0137766666666667	1.0	1.0	0.0352833333333333	1.0	0.10478	1.0	1.0	1.0	1.0	1.0	1.0	1.0	1.0	0.8028109876543209
pDC	0.0386433333333334	1.0	1.0	0.639816666666667	0.324153333333333	0.0018033333333333	0.251023333333333	0.0	0.13027	0.0	0.34298	0.0	0.0470466666666667	0.0	0.357363333333333	0.151223333333333	0.0	0.300743333333333	0.0933433333333333	0.0137233333333333	0.02862	0.0	0.240526666666667	0.78122	0.103003333333333	0.0393066666666667	1.0	0.0592333333333334	0.104453333333333	0.257183333333333	0.0	0.26652	0.20901	1.0	0.168976666666667	0.0227466666666667	1.0	1.0	0.02769	0.0438666666666667	0.0063066666666666	0.322503333333333	0.178706666666667	0.324153333333333	0.920606666666667	0.163216666666667	0.976553333333333	0.74657	0.60089	0.0	1.0	0.0338133333333334	0.146016666666667	0.275723333333333	0.754933333333333	0.437896666666667	0.0367466666666667	0.0576566666666667	0.21571	0.123453333333333	0.0	0.552856666666667	0.09062	1.0	0.0421366666666667	0.0636066666666667	0.0216033333333333	0.0492233333333333	0.491686666666667	0.72481	0.0977633333333333	0.0532966666666667	0.0	0.719233333333333	1.0	0.366526666666667	0.0431866666666667	1.0	0.608136666666667	0.0632266666666667	0.113163333333333	0.3144076954732511
pro B-cells	1.0	1.0	0.743166666666667	0.516723333333333	0.333973333333333	0.395336666666667	1.0	0.802043333333333	1.0	1.0	1.0	0.310193333333333	0.57171	1.0	0.26123	1.0	1.0	1.0	0.59473	0.921656666666667	0.29023	0.21212	1.0	0.362943333333333	0.298543333333333	0.751116666666667	1.0	1.0	1.0	0.301253333333333	0.30666	0.68635	0.57006	1.0	0.13117	1.0	0.199603333333333	0.784	0.281613333333333	0.79297	0.116506666666667	0.23978	0.44335	1.0	1.0	0.404943333333333	1.0	1.0	1.0	0.355196666666667	1.0	0.533846666666667	1.0	1.0	1.0	1.0	0.77014	1.0	1.0	0.402083333333333	0.258566666666667	1.0	0.340413333333333	1.0	0.860726666666667	0.283416666666667	1.0	1.0	1.0	1.0	0.67772	0.690646666666667	0.25475	1.0	1.0	0.814536666666667	0.976573333333333	1.0	0.647656666666667	1.0	1.0	0.7344475308641975
